07/31/18 10:46:08.256 SEND E4 35 F0 0B0087E000E001E002E003E004E005E006E007E008E009
07/31/18 10:46:08.518 RECV 35 E4 F0 04 00 87 08 00 03 00 0A 00 53 00 00 E0 00 1A 00 00 00 68 00 00 00 03 00 00 00 57 00 83 06 04 02 A3 00 C9 00 A8 00 00 04 00 E0 01 1A 00 00 00 00 00 00 00 00 00 00 00 00 00 00 00 00 00 00 00 00 00 00 00 00 00 00 E0 02 1A 00 00 00 00 00 00 00 04 00 00 11 30 00 00 00 01 03 00 00 00 00 00 00 00 00 00
07/31/18 10:46:08.614 RECV 35 E4 F0 04 E0 03 1A 00 00 00 00 00 00 00 04 00 00 15 64 00 00 00 01 03 00 00 00 00 00 00 00 00 00 E0 04 1A 00 00 00 00 00 00 00 00 00 00 00 00 00 00 00 00 00 00 00 00 00 00 00 00 00 00 E0 05 1A 00 00 00 00 00 00 00 00 00 00 00 00 00 00 00 00 00 00 00 00 00 00 00 00 00 00 E0 06 1A 00 00 00 00 00 00 00 00 00 00 00 00 00 00 00 00 00 00 00 00 00 00 00 00 00 00
07/31/18 10:46:08.687 RECV 35 E4 F0 03 E0 07 1A 00 00 00 00 00 00 00 00 00 00 00 00 00 00 00 00 00 00 00 00 00 00 00 00 00 00 E0 08 1A 00 00 00 02 00 00 00 00 00 00 00 00 00 80 06 01 03 A3 00 C0 00 A3 00 00 04 00 E0 09 1A 00 00 00 00 00 00 00 00 00 00 00 00 00 00 00 00 00 00 00 00 00 00 00 00 00 00
07/31/18 10:46:47.114 SEND E4 35 F1 01008801FF
07/31/18 10:46:47.202 RECV 35 E4 F1 01 00 88
07/31/18 10:46:49.202 SEND E4 35 F0 0B0087E000E001E002E003E004E005E006E007E008E009
07/31/18 10:46:49.344 RECV 35 E4 F0 04 00 87 08 00 00 00 00 00 00 00 00 E0 00 1A 00 00 00 00 00 00 00 04 00 00 15 64 00 00 00 01 03 00 00 00 00 00 00 00 00 00 E0 01 1A 00 00 00 00 00 00 00 00 00 00 00 00 00 00 00 00 00 00 00 00 00 00 00 00 00 00 E0 02 1A 00 00 00 00 00 00 00 00 00 00 00 00 00 00 00 00 00 00 00 00 00 00 00 00 00 00
07/31/18 10:46:49.437 RECV 35 E4 F0 04 E0 03 1A 00 00 00 00 00 00 00 00 00 00 00 00 00 00 00 00 00 00 00 00 00 00 00 00 00 00 E0 04 1A 00 00 00 00 00 00 00 00 00 00 00 00 00 00 00 00 00 00 00 00 00 00 00 00 00 00 E0 05 1A 00 00 00 00 00 00 00 00 00 00 00 00 00 00 00 00 00 00 00 00 00 00 00 00 00 00 E0 06 1A 00 00 00 00 00 00 00 00 00 00 00 00 00 00 00 00 00 00 00 00 00 00 00 00 00 00
07/31/18 10:46:49.512 RECV 35 E4 F0 03 E0 07 1A 00 00 00 00 00 00 00 00 00 00 00 00 00 00 00 00 00 00 00 00 00 00 00 00 00 00 E0 08 1A 00 00 00 00 00 00 00 00 00 00 00 00 00 00 00 00 00 00 00 00 00 00 00 00 00 00 E0 09 1A 00 00 00 00 00 00 00 00 00 00 00 00 00 00 00 00 00 00 00 00 00 00 00 00 00 00
07/31/18 10:46:49.512 SEND E4 35 F0 0B0087E000E001E002E003E004E005E006E007E008E009
07/31/18 10:46:49.782 RECV 35 E4 F0 04 00 87 08 00 00 00 00 00 00 00 00 E0 00 1A 00 00 00 00 00 00 00 04 00 00 15 64 00 00 00 01 03 00 00 00 00 00 00 00 00 00 E0 01 1A 00 00 00 00 00 00 00 00 00 00 00 00 00 00 00 00 00 00 00 00 00 00 00 00 00 00 E0 02 1A 00 00 00 00 00 00 00 00 00 00 00 00 00 00 00 00 00 00 00 00 00 00 00 00 00 00
07/31/18 10:46:49.877 RECV 35 E4 F0 04 E0 03 1A 00 00 00 00 00 00 00 00 00 00 00 00 00 00 00 00 00 00 00 00 00 00 00 00 00 00 E0 04 1A 00 00 00 00 00 00 00 00 00 00 00 00 00 00 00 00 00 00 00 00 00 00 00 00 00 00 E0 05 1A 00 00 00 00 00 00 00 00 00 00 00 00 00 00 00 00 00 00 00 00 00 00 00 00 00 00 E0 06 1A 00 00 00 00 00 00 00 00 00 00 00 00 00 00 00 00 00 00 00 00 00 00 00 00 00 00
07/31/18 10:46:49.953 RECV 35 E4 F0 03 E0 07 1A 00 00 00 00 00 00 00 00 00 00 00 00 00 00 00 00 00 00 00 00 00 00 00 00 00 00 E0 08 1A 00 00 00 00 00 00 00 00 00 00 00 00 00 00 00 00 00 00 00 00 00 00 00 00 00 00 E0 09 1A 00 00 00 00 00 00 00 00 00 00 00 00 00 00 00 00 00 00 00 00 00 00 00 00 00 00
07/31/18 10:46:51.802 SEND E4 35 F0 0B0087E000E001E002E003E004E005E006E007E008E009
07/31/18 10:46:51.909 RECV 35 E4 F0 04 00 87 08 00 00 00 00 00 00 00 00 E0 00 1A 00 00 00 00 00 00 00 04 00 00 15 64 00 00 00 01 03 00 00 00 00 00 00 00 00 00 E0 01 1A 00 00 00 00 00 00 00 00 00 00 00 00 00 00 00 00 00 00 00 00 00 00 00 00 00 00 E0 02 1A 00 00 00 00 00 00 00 00 00 00 00 00 00 00 00 00 00 00 00 00 00 00 00 00 00 00
07/31/18 10:46:52.005 RECV 35 E4 F0 04 E0 03 1A 00 00 00 00 00 00 00 00 00 00 00 00 00 00 00 00 00 00 00 00 00 00 00 00 00 00 E0 04 1A 00 00 00 00 00 00 00 00 00 00 00 00 00 00 00 00 00 00 00 00 00 00 00 00 00 00 E0 05 1A 00 00 00 00 00 00 00 00 00 00 00 00 00 00 00 00 00 00 00 00 00 00 00 00 00 00 E0 06 1A 00 00 00 00 00 00 00 00 00 00 00 00 00 00 00 00 00 00 00 00 00 00 00 00 00 00
07/31/18 10:46:52.078 RECV 35 E4 F0 03 E0 07 1A 00 00 00 00 00 00 00 00 00 00 00 00 00 00 00 00 00 00 00 00 00 00 00 00 00 00 E0 08 1A 00 00 00 00 00 00 00 00 00 00 00 00 00 00 00 00 00 00 00 00 00 00 00 00 00 00 E0 09 1A 00 00 00 00 00 00 00 00 00 00 00 00 00 00 00 00 00 00 00 00 00 00 00 00 00 00
07/31/18 10:47:04.062 SEND E4 35 F0 0B0087E000E001E002E003E004E005E006E007E008E009
07/31/18 10:47:04.250 RECV 35 E4 F0 04 00 87 08 00 01 00 01 00 00 00 00 E0 00 1A 00 00 00 00 00 00 00 04 00 00 15 65 00 00 00 01 03 00 00 00 00 00 00 00 00 00 E0 01 1A 00 00 15 65 00 00 00 04 00 00 15 65 00 80 06 01 03 A3 00 47 00 49 00 00 04 00 E0 02 1A 00 00 00 00 00 00 00 00 00 00 00 00 00 00 00 00 00 00 00 00 00 00 00 00 00 00
07/31/18 10:47:04.348 RECV 35 E4 F0 04 E0 03 1A 00 00 00 00 00 00 00 00 00 00 00 00 00 00 00 00 00 00 00 00 00 00 00 00 00 00 E0 04 1A 00 00 00 00 00 00 00 00 00 00 00 00 00 00 00 00 00 00 00 00 00 00 00 00 00 00 E0 05 1A 00 00 00 00 00 00 00 00 00 00 00 00 00 00 00 00 00 00 00 00 00 00 00 00 00 00 E0 06 1A 00 00 00 00 00 00 00 00 00 00 00 00 00 00 00 00 00 00 00 00 00 00 00 00 00 00
07/31/18 10:47:04.421 RECV 35 E4 F0 03 E0 07 1A 00 00 00 00 00 00 00 00 00 00 00 00 00 00 00 00 00 00 00 00 00 00 00 00 00 00 E0 08 1A 00 00 00 00 00 00 00 00 00 00 00 00 00 00 00 00 00 00 00 00 00 00 00 00 00 00 E0 09 1A 00 00 00 00 00 00 00 00 00 00 00 00 00 00 00 00 00 00 00 00 00 00 00 00 00 00
07/31/18 10:47:17.164 SEND E4 35 F0 0B0087E000E001E002E003E004E005E006E007E008E009
07/31/18 10:47:17.426 RECV 35 E4 F0 04 00 87 08 00 01 00 01 00 00 00 00 E0 00 1A 00 00 00 00 00 00 00 04 00 00 15 65 00 00 00 01 03 00 00 00 00 00 00 00 00 00 E0 01 1A 00 00 15 65 00 00 00 04 00 00 15 65 00 80 06 01 03 A3 00 54 00 4B 00 00 04 00 E0 02 1A 00 00 00 00 00 00 00 00 00 00 00 00 00 00 00 00 00 00 00 00 00 00 00 00 00 00
07/31/18 10:47:17.523 RECV 35 E4 F0 04 E0 03 1A 00 00 00 00 00 00 00 00 00 00 00 00 00 00 00 00 00 00 00 00 00 00 00 00 00 00 E0 04 1A 00 00 00 00 00 00 00 00 00 00 00 00 00 00 00 00 00 00 00 00 00 00 00 00 00 00 E0 05 1A 00 00 00 00 00 00 00 00 00 00 00 00 00 00 00 00 00 00 00 00 00 00 00 00 00 00 E0 06 1A 00 00 00 00 00 00 00 00 00 00 00 00 00 00 00 00 00 00 00 00 00 00 00 00 00 00
07/31/18 10:47:17.597 RECV 35 E4 F0 03 E0 07 1A 00 00 00 00 00 00 00 00 00 00 00 00 00 00 00 00 00 00 00 00 00 00 00 00 00 00 E0 08 1A 00 00 00 00 00 00 00 00 00 00 00 00 00 00 00 00 00 00 00 00 00 00 00 00 00 00 E0 09 1A 00 00 00 00 00 00 00 00 00 00 00 00 00 00 00 00 00 00 00 00 00 00 00 00 00 00
07/31/18 10:50:17.105 SEND E4 35 F0 0B0087E000E001E002E003E004E005E006E007E008E009
07/31/18 10:50:17.276 RECV 35 E4 F0 04 00 87 08 00 02 00 02 00 00 00 00 E0 00 1A 00 00 00 00 00 00 00 04 00 00 15 65 00 00 00 01 03 00 00 00 00 00 00 00 00 00 E0 01 1A 00 00 15 68 00 00 00 04 00 00 15 65 00 80 06 01 03 A3 00 59 00 4D 00 00 04 00 E0 02 1A 00 00 15 68 00 00 00 04 00 00 15 65 00 80 06 01 03 A3 00 56 00 49 00 00 04 00
07/31/18 10:50:17.371 RECV 35 E4 F0 04 E0 03 1A 00 00 00 00 00 00 00 00 00 00 00 00 00 00 00 00 00 00 00 00 00 00 00 00 00 00 E0 04 1A 00 00 00 00 00 00 00 00 00 00 00 00 00 00 00 00 00 00 00 00 00 00 00 00 00 00 E0 05 1A 00 00 00 00 00 00 00 00 00 00 00 00 00 00 00 00 00 00 00 00 00 00 00 00 00 00 E0 06 1A 00 00 00 00 00 00 00 00 00 00 00 00 00 00 00 00 00 00 00 00 00 00 00 00 00 00
07/31/18 10:50:17.447 RECV 35 E4 F0 03 E0 07 1A 00 00 00 00 00 00 00 00 00 00 00 00 00 00 00 00 00 00 00 00 00 00 00 00 00 00 E0 08 1A 00 00 00 00 00 00 00 00 00 00 00 00 00 00 00 00 00 00 00 00 00 00 00 00 00 00 E0 09 1A 00 00 00 00 00 00 00 00 00 00 00 00 00 00 00 00 00 00 00 00 00 00 00 00 00 00
07/31/18 10:50:44.157 SEND E4 35 F0 0B0087E000E001E002E003E004E005E006E007E008E009
07/31/18 10:50:44.281 RECV 35 E4 F0 04 00 87 08 00 03 00 03 00 00 00 00 E0 00 1A 00 00 00 00 00 00 00 04 00 00 15 65 00 00 00 01 03 00 00 00 00 00 00 00 00 00 E0 01 1A 00 00 15 68 00 00 00 04 00 00 15 65 00 80 06 01 03 A3 00 59 00 4D 00 00 04 00 E0 02 1A 00 00 15 68 00 00 00 04 00 00 15 65 00 80 06 01 03 A3 00 56 00 4B 00 00 04 00
07/31/18 10:50:44.376 RECV 35 E4 F0 04 E0 03 1A 00 00 15 68 00 00 00 04 00 00 15 65 00 80 06 01 03 A3 00 54 00 4B 00 00 04 00 E0 04 1A 00 00 00 00 00 00 00 00 00 00 00 00 00 00 00 00 00 00 00 00 00 00 00 00 00 00 E0 05 1A 00 00 00 00 00 00 00 00 00 00 00 00 00 00 00 00 00 00 00 00 00 00 00 00 00 00 E0 06 1A 00 00 00 00 00 00 00 00 00 00 00 00 00 00 00 00 00 00 00 00 00 00 00 00 00 00
07/31/18 10:50:44.450 RECV 35 E4 F0 03 E0 07 1A 00 00 00 00 00 00 00 00 00 00 00 00 00 00 00 00 00 00 00 00 00 00 00 00 00 00 E0 08 1A 00 00 00 00 00 00 00 00 00 00 00 00 00 00 00 00 00 00 00 00 00 00 00 00 00 00 E0 09 1A 00 00 00 00 00 00 00 00 00 00 00 00 00 00 00 00 00 00 00 00 00 00 00 00 00 00
